50   0.014422178268432617
100   0.04068946838378906
150   0.21014809608459473
50   0.06075787544250488
100   0.2669844627380371
150   1.6024398803710938
200   12.571768760681152
50   0.056121110916137695
100   0.29344964027404785
150   1.7521557807922363
200   17.808836221694946
50   0.04997444152832031
100   0.27953028678894043
150   1.7363286018371582
200   17.616909742355347
250   43.07911133766174
300   75.8470151424408
350   131.11800718307495
400   195.86918449401855
450   289.35172390937805
500   417.13152623176575
550   624.0880942344666
600   860.7441689968109
650   1166.660113811493
700   1550.8958983421326
750   2003.2754979133606
800   2596.7677717208862
850   3334.2347424030304
900   4158.420534133911
950   5167.839841604233
1000   6328.780624628067
1050   7844.8943564891815
1100   9575.349828958511
1150   11539.990255117416
1200   14020.228444576263


