50   0.04050040245056152
100   0.14717388153076172
150   0.4207744598388672
200   0.7781198024749756
250   1.3990998268127441
300   2.4202377796173096
350   3.7119624614715576
400   5.605509519577026
450   8.075711011886597
500   11.230226755142212
50   0.020226001739501953
100   0.10018730163574219
150   0.28627872467041016
200   0.558509111404419
250   1.0011940002441406
300   1.67521333694458
350   2.8422837257385254
400   4.30565881729126
450   6.326605558395386
500   8.871084451675415
550   12.412205696105957
600   16.702531814575195
650   22.655656099319458
700   29.50448250770569
750   38.415517807006836
800   48.35649347305298
850   60.275904417037964
900   74.38724827766418
950   90.47339510917664
1000   108.44841694831848
1050   134.7708384990692
1100   157.39178848266602
1150   185.6932134628296
1200   216.90796875953674
1250   250.82079076766968
